4180661030218944530
8635960885546544437
2395205895470504416
9579359676551282801
1558145869720384265
7144935036243530258
6697481553496644182
7574235557737950984
1798070869023309392
8503788080265688687
8826976651712171925
3127285357555162569
1613402006859726761
0855191620793601928
9819587269469756161
1434004760963507390
1857579583800681475
2921137421013726477
8826659001546098197
4593748264805579814
6734747841401773305
5283373109021884021
2916522473834036285
0854895032448128657
4223682763927663486
4803924013328264485
9663075178399102059
3129154110222599185
1642829451817055587
5976516614030454409
5821913053705244650
0126915997262663039
8621144461710040842
4042544765994177491
1258082726869089045
7887807330440284193
5448219910628402345
8946979384178180241
6701748960115062519
5249150492049938988
7329338467394949038
0770977722337475643
1631587376604629203
3277624466748672276
3334017308656541240
7024180285840378018
7700471120566930710
3719983473074147480
8718934036730719278
1223582326220374320
2769190001323167864
7070341481448736164
2558339402460806057
4505307766056254023
5841135646914153930
3966480795640480004
9284417674196200402
1417628297616454955
3573438613154180186
3369991466191507742
8496808231845633286
9440200501541691247
8017839273938026855
8796829789662950797
6748422975012787104
3607141774305729849
5473239950425146161
3546555564180325074
9536684299121482529
2888455249374087700
8824665304328326627
0126046382371355105
2292591855352600963
3014717839381620619
7896196822247998518
3281903729165900545
0624672670397989897
0792592675704402228
3584679147703194924
8641521095786817233
3668990550612094395
3368177923357269938
6257704569849880188
5131933600710254396
0883115947025228732
7555469882445259089
2044991820958122264
4834771451132092232
6748889874404475207
8796682785900910800
6680411180568366582
8161248552440524108
5568584927436273005
7667794652795783733
2495781983432563209
9912976907890089282
0961642054947485523
1829231443575511138
5888151325363708481
5961871859648277531
