1377211133608630548
9560246002904603418
4131431587464365153
5462294425830971764
2829836657910916589
1200910558839974645
9073973495932396328
3989198513355310049
2478217660145291712
7523327040249341471
7944251984724997502
4761364622115564432
0833978985160133518
2899987328966441424
8568612620321462420
4524610052719124361
3872630682030958071
0772756041013630283
6276396973542826567
0814658277803171041
5326979884208458668
1257939424673342482
2777196806832634007
4414853708422144145
5845084152095285924
0382706573822056909
1644860900566384377
7644897190179601879
1782753839473034483
6526109461631746004
8952426397737351502
7382778740944401513
8467170990669783208
8576240349731123926
8589978408628173918
4415602766850272317
8950068802484218381
2970383370295323904
1093352954944539820
2383289305292907147
5619908785255208137
8552353586592518514
0341198088219457204
9566124701456884544
4456686675889813048
3083804363111386140
1866823367559072471
7735036586231914085
1267961932424008394
7428684557978506920
5995334483128572194
1052725578541745580
0525724622149761108
2399864905513420096
8037446567663576717
5943418190886363896
6522934027685945757
9764759014839726338
6112654339389821002
5713465471441300695
1943628796873618169
7621729526996250324
5270699429160583098
8187610736879781807
7388862004996154375
1962794320241343604
1242145736535539811
1044118187390507488
6932288780846259478
4133711858680206398
3745111377566064846
7211393292672165217
2279510309593272727
1690211046154412413
7037444445599460243
5842779415214255799
5697859722950926539
6151402528599149772
7791723133260393816
5871708304705047281
8929031267186912517
3100376377667683849
8869370622580765090
9340450143863964973
8342523970129596748
3436644620438982751
9917414102540014957
9816204743133166038
0533557744759716484
9705099933552226276
7164048937353864101
3576540954729092344
1120631838682614116
1015366546464170115
1456820666868183516
0518739238671361364
3440107075783952016
9491790083215818276
0913377038626178154
7110075521323651892
7410822271800490599
2693501736200098062
4886944138561397792
6076075191269445241
0929999028233091273
9944612362887479352
9727447896042806276
6877384050726619673
0094376960885280421
9904393549204908675
5170907220977769406
7602205140652308139
2567266354916811059
5040336574896659219
9678086908220329086
3561998546109127382
5284685386486178535
8034340942979184461
0457090860337581329
5179220058873353244
3546401922206251145
3509518301327700425
4013884835824071936
9677290154631970523
3214582992161794974
0598057384802071582
2900295867368322954
2086561307564676515
8957275817089727344
5517611100188247583
6918160070305216173
0726591036507018557
1161528176764138654
6007743061446247246
7578446120425429815
0733213324041509003
7414103901447785053
5721572647563065293
2302338148311485653
7805925625227674065
9986891752650003629
1097773675508916493
3696046023842225613
2063431397056440335
9417240138656628383
5402742821930312913
4042853250571308203
4406905672543714422
2752897580060278954
6240710630007709603
3826768763602006098
8294569130042872747
7494447080711092144
8195577953684343498
5196116905466837780
5785283349785440306
9409842700168555186
7899213893390720659
0212344303193384816
8867358110669128567
6699359407344918255
9853444729153825100
3351858637941418024
5698760317250833347
8868203602303485545
8593802396918434608
8951018792349997205
9918402157102677745
9203317313071511081
