6105757403
7491772105
1132606957
8799448135
1226318478
4858059907
9894516183
0285490795
3338313299
6017734813
6874931041
5205566114
9429701292
5377957901
1389450721
8377527879
3922635360
0821467353
0408437037
9021922732
0812212749
6435990584
7610216223
5114334864
1164157821
3790647202
5152564026
6205371898
4902082280
7284016506
2767518470
4043971327
4323045653
1684774470
1959679564
0344296472
7205082072
4872668473
5012383528
2075499108
6994137286
2274872822
6889041297
7759861721
1287614487
8298392047
2631967963
7562241240
1853968860
5135960791
4686046870
9074742134
8037962247
5443760036
0127255085
4956343275
3540557472
4387489654
2349360804
3939467238
8137121826
5874301689
5954061048
1838621882
5375953964
6144406976
2255586981
0397523056
3250214057
6222049202
0415543802
7752307535
5652682771
4114601069
8614108091
7406840007
2729966264
9804896226
1287502673
0119825265
4655205689
9994619559
5164488176
4468258355
5688523738
4087031214
3403653232
3610504893
6190346089
4622316530
0152580820
0439926112
9354874084
4960457765
4888014431
6651177158
5119718464
5066825747
4178995597
9638148020
